calibration:
  bottom:
    K:
    - [578.0579129494149, 0.0, 642.0499396232121]
    - [0.0, 577.3265456045835, 302.5599633921827]
    - [0.0, 0.0, 1.0]
    R:
    - [0.9999918696921003, 0.0036686955488383186, -0.0016736853549783718]
    - [-0.003672083553553139, 0.999991206099276, -0.002025716290851138]
    - [0.0016662389004160596, 0.0020318457336198164, 0.9999965476194613]
    T:
    - [0.03126073506381837]
    - [4.859073675473737]
    - [-0.04109617474548933]
    d:
    - [-0.30770825532598345]
    - [0.11520358062515515]
    - [0.0005011736101304087]
    - [-0.0004119285171460912]
    - [-0.021363562707001994]
  left:
    K:
    - [582.4674177512317, 0.0, 666.2853476539666]
    - [0.0, 581.730471436289, 387.7735823361715]
    - [0.0, 0.0, 1.0]
    R:
    - [0.9999011913086963, 0.004104559778276432, 0.013444709311714414]
    - [-0.0041180264395869, 0.9999910464519279, 0.000974101750871834]
    - [-0.013440590674996696, -0.0010293711695708524, 0.9999091413310023]
    T:
    - [-12.329784570629041]
    - [0.07164197055969229]
    - [-0.4683409551018099]
    d:
    - [-0.2933894502941919]
    - [0.09520549776594738]
    - [0.0002825412057393383]
    - [-0.0008225101879163952]
    - [-0.013987056960073817]
  right:
    K:
    - [573.7135570262706, 0.0, 649.2991121783094]
    - [0.0, 572.9876862242343, 386.9743751653517]
    - [0.0, 0.0, 1.0]
    R:
    - [1.0, 0.0, 0.0]
    - [0.0, 1.0, 0.0]
    - [0.0, 0.0, 1.0]
    T:
    - [0.0]
    - [0.0]
    - [0.0]
    d:
    - [-0.3003363182582502]
    - [0.10510672075213838]
    - [-0.0002888612475740583]
    - [0.00022229574236262887]
    - [-0.01764543215574635]
rectification:
  br:
    bottom:
      H:
      - [0.9934221664721893, 0.009060607402029587, 8.230709291054495]
      - [0.003284235846495621, 0.9994582968990157, 76.43559987040288]
      - [1.4503236844888698e-06, 1.8172055917863406e-05, 0.9935152974793856]
      P:
      - [575.8857349878427, 0.0, 645.6665573120117, 0.0]
      - [0.0, 575.8857349878427, 352.559513092041, 0.0]
      - [0.0, 0.0, 1.0, 0.0]
      R:
      - [0.999995875298811, -0.002755738158646141, -0.0008095014304703705]
      - [0.0027470928804019996, 0.999941168476566, -0.010493477327668145]
      - [0.0008383710821567418, 0.010491210269593411, 0.9999446142867152]
    right:
      H:
      - [1.0, 0.0, 0.0]
      - [0.0, 1.0, 5.684341886080802e-14]
      - [0.0, 0.0, 1.0]
      P:
      - [575.8857349878427, 0.0, 645.6665573120117, 0.0]
      - [0.0, 575.8857349878427, 352.559513092041, 2798.429202109413]
      - [0.0, 0.0, 1.0, 0.0]
      R:
      - [0.9999789899108191, -0.006426142512009474, 0.0008511341570857073]
      - [0.006433113038887821, 0.9999435443465848, -0.00845713759014173]
      - [-0.0007967393343527972, 0.008462435347170534, 0.9999638755447259]
  lbr:
    Kp:
    - [578.0796292423057, -0.00030149794211127725, 652.544799818496]
    - [0.0, 577.3482344217023, 359.10264029790204]
    - [0.0, 0.0, 1.0]
    bottom:
      H:
      - [0.956510434118605, 0.00401364582872807, 58.651205888322465]
      - [-0.017423296315303833, 1.0053913287272265, 60.93712371961681]
      - [-6.55734694930834e-05, 1.5060938423796078e-05, 1.036788112327326]
      P:
      - [554.0284543929621, 5.715103154755155, 673.0606085888919, 0.8454697618376428]
      - [-11.613261938108677, 581.116203418181, 352.7814909129693, 2805.5358683145396]
      - [-0.03627190539454585, 0.010586248877658912, 0.9992858851268487, 9.526770246006273e-18]
      R:
      - [0.9992625238689454, -0.005806195226391572, 0.037956507848567446]
      - [0.006131837736698054, 0.9999453403504346, -0.008468581783523643]
      - [-0.03790526292002392, 0.008695079553773532, 0.9992435071765627]
    left:
      H:
      - [0.9492692782638835, 0.003983260969394828, 39.96422643739072]
      - [-0.01729139518843493, 0.9977801254965918, -21.450109406233537]
      - [-6.507705283561978e-05, 1.4946921264594294e-05, 1.0368073727457707]
      P:
      - [543.7953853082967, 3.8928612587610134, 681.3678874615348, -7132.857605456973]
      - [-17.21812769579886, 580.0282286747012, 354.33949833164377, 2.2627949754157125e-14]
      - [-0.05136774708270632, 0.007510824826725814, 0.9986515618923696, 2.395953239440768e-17]
      R:
      - [0.9992625238689454, -0.005806195226391572, 0.037956507848567446]
      - [0.006131837736698054, 0.9999453403504346, -0.008468581783523643]
      - [-0.03790526292002392, 0.008695079553773532, 0.9992435071765627]
    right:
      H:
      - [0.9637534593515302, 0.004044038532222507, 46.66383609828006]
      - [-0.017555231493793306, 1.0130044968675673, -26.666525005147435]
      - [-6.607001430556786e-05, 1.5174985017689856e-05, 1.036270378461412]
      P:
      - [552.9184252609397, 2.3171842815798227, 673.9930408981545, 0.0]
      - [-10.071674304723766, 580.4391027948919, 353.94166098686617, 0.0]
      - [-0.03790526292002392, 0.008695079553773532, 0.9992435071765627, 0.0]
      R:
      - [0.9992625238689454, -0.005806195226391572, 0.037956507848567446]
      - [0.006131837736698054, 0.9999453403504346, -0.008468581783523643]
      - [-0.03790526292002392, 0.008695079553773532, 0.9992435071765627]
  lr:
    left:
      H:
      - [0.9263896725786201, -0.002294161818940281, 61.569723737076174]
      - [-0.03245045742707012, 0.984627043483919, 26.6179218934667]
      - [-8.82163767032655e-05, -8.848155426785813e-07, 1.057799267333727]
      P:
      - [577.3590788302616, 0.0, 600.2686157226562, 0.0]
      - [0.0, 577.3590788302616, 387.34423828125, 0.0]
      - [0.0, 0.0, 1.0, 0.0]
      R:
      - [0.9986775402267042, -0.001743681811810328, 0.05138219750534922]
      - [0.0017149305403383417, 0.999998347315022, 0.0006036393512678198]
      - [-0.05138316514172097, -0.000514724162776567, 0.9986788800205273]
    right:
      H:
      - [1.0, 0.0, 0.0]
      - [0.0, 1.0, 5.684341886080802e-14]
      - [0.0, 0.0, 1.0]
      P:
      - [577.3590788302616, 0.0, 600.2686157226562, -7123.966817360185]
      - [0.0, 577.3590788302616, 387.34423828125, 0.0]
      - [0.0, 0.0, 1.0, 0.0]
      R:
      - [0.9992625238689455, -0.0058061952263913875, 0.037956507848565246]
      - [0.005827429840633428, 0.9999829196585892, -0.0004488346423730825]
      - [-0.03795325351689444, 0.0006696925240205108, 0.9992792913192015]
